0.0581	0	-0.4206	-0.0719	0	-0.4206
0.0615742624634886	0	-0.420105439386444	-0.0684212973269792	0	-0.421179885645187
0.0650443187327135	0	-0.419582180985558	-0.0649379207324722	0	-0.421731000106636
0.068509931764953	0	-0.4190302605416	-0.0614501081691246	0	-0.422253305737211
0.0719708648210067	0	-0.418449715756764	-0.0579580978926069	0	-0.422746766857738
0.0754268814813678	0	-0.417840586288594	-0.0544621284453395	0	-0.423211349759436
0.0788777456623728	0	-0.417202913747282	-0.0509624386401972	0	-0.42364702270622
0.082323221632329	0	-0.416536741692824	-0.0474592675441958	0	-0.424053755936872
0.0857630740276172	0	-0.415842115632043	-0.0439528544621615	0	-0.424431521667074
0.0891970678687698	0	-0.415119083015481	-0.0404434389203833	0	-0.424780294091302
0.0926249685765224	0	-0.414367693234159	-0.036931260650251	0	-0.425100049384593
0.0960465419878381	0	-0.413587997616201	-0.0334165595718791	0	-0.425390765704169
0.0994615543719034	0	-0.412780049423328	-0.0298995757777172	0	-0.425652423190932
0.102869772446095	0	-0.411943903847221	-0.0263805495161495	0	-0.425885003970821
0.106270963391914	0	-0.411079618005751	-0.0228597211750829	0	-0.426088492156028
0.109664894870892	0	-0.410187250939076	-0.0193373312655261	0	-0.42626287384609
0.113051335040461	0	-0.409266863605606	-0.0158136204051598	0	-0.426408137128833
0.116430052569793	0	-0.408318518877843	-0.0122888293019003	0	-0.42652427208119
0.119800816655597	0	-0.407342281538084	-0.008763198737456	0	-0.426611270769875
0.123163397037892	0	-0.406338218273997	-0.00523696955087992	0	-0.426669127251929
0.126517564015733	0	-0.405306397674062	-0.0017103826221174	0	-0.426697837575123
0.1298630884629	0	-0.40424689022289	0.00181632114444856	0	-0.426697399778227
0.133199741843556	0	-0.403159768296404	0.00534290083645358	0	-0.426667813891149
0.136527296227851	0	-0.4020451061569	0.00886911555000904	0	-0.426609081934926
0.139845524307498	0	-0.400902979947968	0.0123947244061582	0	-0.426521207921594
0.143154199411298	0	-0.399733467689297	0.0159194865673311	0	-0.426404197853906
0.146453095520624	0	-0.39853664927134	0.0194431612537962	0	-0.426258059724926
0.149741987284861	0	-0.397312606449859	0.0229655077601085	0	-0.426082803517486
0.153020650036801	0	-0.396061422840341	0.0264862854715519	0	-0.425878441203496
0.156288859807988	0	-0.394783183912283	0.0300052538805766	0	-0.425644986743133
0.15954639334402	0	-0.393477976983357	0.0335221726032274	0	-0.425382456083886
0.162793028119796	0	-0.392145891213445	0.0370368013955654	0	-0.425090867159464
0.166028542354724	0	-0.390787017598545	0.0405489001700788	0	-0.424770239888574
0.16925271502786	0	-0.389401448964559	0.0440582290120835	0	-0.424420596173559
0.172465325893017	0	-0.387989279960949	0.0475645481961123	0	-0.424041959898899
0.175666155493805	0	-0.386550607054272	0.0510676182022905	0	-0.423634356929587
0.178854985178622	0	-0.385085528521593	0.0545671997326973	0	-0.423197815109355
0.182031597115592	0	-0.383594144443769	0.0580630537277134	0	-0.422732364258774
0.185195774307443	0	-0.382076556698611	0.0615549413823505	0	-0.422238036173218
0.188347300606334	0	-0.380532868953928	0.0650426241625647	0	-0.421714864620691
0.191485960728617	0	-0.378963186660444	0.0685258638215512	0	-0.421162885339521
0.194611540269545	0	-0.377367617044594	0.0720044224160184	0	-0.420582136035918
0.197723825717915	0	-0.3757462691012	0.0754780623224429	0	-0.4199726563814
0.200822604470659	0	-0.374099253586025	0.0789465462533012	0	-0.419334488010079
0.203907664847363	0	-0.372426683008207	0.0824096372732794	0	-0.418667674515822
0.206978796104725	0	-0.370728671622575	0.085867098815458	0	-0.417972261449269
0.210035788450957	0	-0.36900533542184	0.0893186946974725	0	-0.417248296314724
0.213078433060113	0	-0.367256792128678	0.0927641891376469	0	-0.416495828566908
0.216106522086352	0	-0.365483161187682	0.0962033467711003	0	-0.415714909607581
0.219119848678139	0	-0.363684563757206	0.0996359326658251	0	-0.414905592782034
0.222118206992376	0	-0.361861122701089	0.103061712338735	0	-0.41406793337544
0.225101392208458	0	-0.360012962580257	0.106480451771682	0	-0.41320198860908
0.228069200542273	0	-0.358140209644223	0.109891917427446	0	-0.412307817636435
0.231021429260115	0	-0.356242991822455	0.113295876265682	0	-0.411385481539141
0.233957876692536	0	-0.354321438715639	0.116692095758845	0	-0.410435043322824
0.236878342248123	0	-0.352375681586828	0.120080343908071	0	-0.409456567912788
0.239782626427198	0	-0.350405853352473	0.123460389259025	0	-0.408450122149584
0.242670530835449	0	-0.348412088573346	0.126832000917713	0	-0.407415774784445
0.245541858197482	0	-0.346394523445345	0.130194948566256	0	-0.406353596474585
0.248396412370295	0	-0.344353295790191	0.13354900247862	0	-0.405263659778379
0.251233998356677	0	-0.342288545046014	0.136893933536309	0	-0.4041460391504
0.25405442231853	0	-0.340200412257831	0.140229513244019	0	-0.403000810936337
0.256857491590112	0	-0.338089040067903	0.143555513745247	0	-0.401828053367779
0.259643014691192	0	-0.335954572705998	0.14687170783785	0	-0.400627846556868
0.262410801340136	0	-0.333797155979538	0.150177868989575	0	-0.399400272490831
0.265160662466904	0	-0.331616937263634	0.153473771353523	0	-0.398145415026378
0.267892410225963	0	-0.329414065491024	0.156759189783587	0	-0.39686335988397
0.270605858009122	0	-0.327188691141896	0.160033899849824	0	-0.395554194641969
0.273300820458278	0	-0.32494096623361	0.16329767785379	0	-0.394218008730651
0.275977113478077	0	-0.322671044310314	0.166550300843821	0	-0.392854893426101
0.278634554248492	0	-0.320379080432453	0.169791546630261	0	-0.391464941843972
0.28127296123731	0	-0.318065231166178	0.173021193800641	0	-0.39004824893313
0.283892154212534	0	-0.315729654572653	0.176239021734807	0	-0.388604911469166
0.286491954254692	0	-0.313372510197253	0.179444810619983	0	-0.387135028047784
0.289072183769063	0	-0.310993959058669	0.182638341465796	0	-0.385638699078066
0.291632666497805	0	-0.308594163637909	0.185819396119229	0	-0.384116026775615
0.294173227531997	0	-0.306173287867195	0.188987757279524	0	-0.382567115155571
0.296693693323589	0	-0.303731497118768	0.19214320851303	0	-0.380992070025504
0.299193891697254	0	-0.301268958193592	0.195285534267981	0	-0.37939099897819
0.301673651862151	0	-0.298785839309954	0.198414519889228	0	-0.37776401138426
0.304132804423592	0	-0.296282310091982	0.201529951632898	0	-0.376111218384724
0.306571181394614	0	-0.293758541558047	0.204631616680994	0	-0.374432732883388
0.308988616207451	0	-0.291214706109091	0.207719303155936	0	-0.372728669539133
0.311384943724919	0	-0.288650977516843	0.210792800135034	0	-0.370999144758087
0.31376000025169	0	-0.28606753091195	0.213851897664893	0	-0.369244276685671
0.316113623545477	0	-0.283464542772017	0.21689638677576	0	-0.36746418519853
0.318445652828116	0	-0.280842190909548	0.219926059495795	0	-0.365658991896346
0.320755928796553	0	-0.278200654459799	0.22294070886528	0	-0.363828820093525
0.323044293633719	0	-0.275540113868546	0.225940128950755	0	-0.361973794810779
0.325310591019318	0	-0.272860750879752	0.228924114859088	0	-0.360094042766585
0.327554666140498	0	-0.270162748523158	0.231892462751466	0	-0.358189692368527
0.329776365702432	0	-0.267446291101776	0.234844969857329	0	-0.356260873704523
0.33197553793879	0	-0.264711564179299	0.23778143448821	0	-0.354307718533944
0.334152032622101	0	-0.261958754567429	0.240701656051523	0	-0.352330360278609
0.33630570107402	0	-0.259188050313111	0.243605435064256	0	-0.35032893401367
0.338436396175483	0	-0.256399640685691	0.246492573166606	0	-0.34830357645839
0.340543972376756	0	-0.253593716163984	0.249362873135526	0	-0.346254425966796
0.342628285707378	0	-0.250770468423265	0.252216138898195	0	-0.344181622518237
0.344689193785996	0	-0.247930090322171	0.255052175545416	0	-0.342085307707815
0.346726555830093	0	-0.245072775889533	0.257870789344928	0	-0.339965624736714
0.348740232665601	0	-0.242198720311117	0.260671787754641	0	-0.337822718402418
0.350730086736411	0	-0.239308119916291	0.263454979435788	0	-0.335656735088824
0.352695982113768	0	-0.236401172164616	0.266220174265996	0	-0.333467822756233
0.35463778450556	0	-0.233478075632355	0.268967183352274	0	-0.331256130931254
0.356555361265487	0	-0.230539029998909	0.271695819043916	0	-0.329021810696579
0.358448581402123	0	-0.227584236033178	0.274405894945318	0	-0.326765014680671
0.360317315587868	0	-0.224613895579844	0.277097225928712	0	-0.324485897047333
0.362161436167777	0	-0.221628211545582	0.279769628146816	0	-0.322184613485176
0.363980817168284	0	-0.218627387885205	0.282422919045385	0	-0.31986132119699
0.365775334305808	0	-0.215611629587725	0.285056917375689	0	-0.317516178888997
0.367544864995239	0	-0.212581142662353	0.287671443206888	0	-0.315149346760018
0.369289288358314	0	-0.209536134124427	0.290266317938329	0	-0.312760986490523
0.371008485231877	0	-0.206476811981269	0.292841364311742	0	-0.310351261231588
0.372702338176014	0	-0.203403385217976	0.295396406423352	0	-0.307920335593754
0.374370731482079	0	-0.200316063783146	0.29793126973589	0	-0.305468375635777
0.376013551180597	0	-0.197215058574533	0.300445781090524	0	-0.302995548853288
0.377630685049051	0	-0.194100581424643	0.302939768718678	0	-0.300502024167348
0.379222022619544	0	-0.190972845086263	0.305413062253775	0	-0.297987971912914
0.38078745518635	0	-0.187832063217927	0.307865492742867	0	-0.295453563827197
0.382326875813337	0	-0.18467845036932	0.310296892658182	0	-0.292898973037935
0.38384017934127	0	-0.181512221966626	0.312707095908564	0	-0.290324374051564
0.385327262395001	0	-0.178333594297805	0.315095937850822	0	-0.287729942741298
0.386788023390524	0	-0.175142784497825	0.317463255300975	0	-0.285115856335118
0.388222362541917	0	-0.171940010533827	0.319808886545401	0	-0.282482293403659
0.389630181868159	0	-0.168725491190232	0.322132671351879	0	-0.279829433848018
0.391011385199824	0	-0.165499446053802	0.324434450980542	0	-0.27715745888746
0.392365878185645	0	-0.162262095498634	0.326714068194715	0	-0.274466551047043
0.393693568298967	0	-0.159013660671109	0.328971367271659	0	-0.271756894145144
0.394994364844062	0	-0.155754363474787	0.331206194013206	0	-0.26902867328091
0.396268178962327	0	-0.152484426555243	0.333418395756294	0	-0.266282074821605
0.397514923638352	0	-0.149204073284864	0.335607821383397	0	-0.263517286389887
0.398734513705868	0	-0.145913527747585	0.337774321332844	0	-0.260734496850985
0.399926865853558	0	-0.142613014723587	0.33991774760904	0	-0.257933896299802
0.401091898630757	0	-0.139302759673936	0.342037953792573	0	-0.255115676047925
0.402229532453008	0	-0.135982988725187	0.344134795050216	0	-0.252280028610562
0.403339689607503	0	-0.132653928653934	0.346208128144822	0	-0.249427147693387
0.40442229425839	0	-0.12931580687132	0.34825781144511	0	-0.246557228179306
0.405477272451953	0	-0.1259688514075	0.350283704935335	0	-0.243670466115152
0.406504552121666	0	-0.122613290896068	0.352285670224857	0	-0.240767058698284
0.407504063093114	0	-0.119249354558436	0.354263570557595	0	-0.237847204263123
0.408475737088786	0	-0.115877272188176	0.356217270821365	0	-0.234911102267598
0.409419507732744	0	-0.112497274135323	0.358146637557113	0	-0.231958953279528
0.410335310555148	0	-0.10910959129064	0.360051538968029	0	-0.228990958962912
0.41122308299667	0	-0.105714455069844	0.361931844928554	0	-0.22600732206416
0.412082764412761	0	-0.1023120973978	0.363787426993266	0	-0.223008246398243
0.412914296077796	0	-0.0989027506926776	0.365618158405653	0	-0.219993936834765
0.413717621189086	0	-0.095486647850072	0.367423914106778	0	-0.216964599283974
0.414492684870757	0	-0.0920640222270975	0.369204570743813	0	-0.213920440682692
0.415239434177498	0	-0.0886351076264451	0.370960006678473	0	-0.210861668980181
0.41595781809818	0	-0.0852001382804114	0.372690101995322	0	-0.207788493123938
0.416647787559341	0	-0.0817593488348985	0.374394738509963	0	-0.20470112304542
0.417309295428533	0	-0.078312974333385	0.376073799777116	0	-0.201599769645705
0.417942296517549	0	-0.0748612502008694	0.377727171098568	0	-0.198484644781085
0.418546747585505	0	-0.0714044122277885	0.379354739531008	0	-0.195355961248591
0.419122607341794	0	-0.0679426965539104	0.380956393893748	0	-0.192213932771461
0.419669836448909	0	-0.0644763396522035	0.38253202477631	0	-0.189058773984539
0.420188397525128	0	-0.0610055783126821	0.384081524545905	0	-0.18589070041961
0.42067825514707	0	-0.0575306496262323	0.385604787354786	0	-0.182709928490682
0.421139375852112	0	-0.0540517909684154	0.387101709147475	0	-0.179516675479198
0.421571728140676	0	-0.0505692399832523	0.388572187667873	0	-0.176311159519196
0.421975282478381	0	-0.0470832345669907	0.390016122466245	0	-0.173093599582408
0.422350011298061	0	-0.0435940128518532	0.391433414906083	0	-0.169864215463299
0.422695889001647	0	-0.0401018131897708	0.392823968170843	0	-0.166623227764056
0.423012891961916	0	-0.0366068741361009	0.394187687270557	0	-0.163370857879518
0.423300998524106	0	-0.0331094344333312	0.395524479048324	0	-0.160107327982049
0.423560189007393	0	-0.0296097329947711	0.396834252186675	0	-0.156832861006367
0.423790445706238	0	-0.0261080088882312	0.398116917213806	0	-0.15354768063431
0.423991752891596	0	-0.0226045013196922	0.399372386509694	0	-0.150252011279557
0.424164096811987	0	-0.0190994496169652	0.400600574312082	0	-0.1469460780723
0.424307465694442	0	-0.0155930932133419	0.401801396722336	0	-0.143630106843865
0.4244218497453	0	-0.0120856716312398	0.402974771711178	0	-0.140304324111284
0.424507241150882	0	-0.00857742446583952	0.404120619124287	0	-0.13696895706182
0.424563634078022	0	-0.00506859136871807	0.405238860687778	0	-0.133624233537453
0.42459102467447	0	-0.001559412031478	0.406329420013545	0	-0.130270382019308
0.424589411069147	0	0.00194987383062604	0.407392222604481	0	-0.126907631612056
0.42455879337228	0	0.005459026495063	0.408427195859568	0	-0.123536212028256
0.424499173675393	0	0.00896780624840024	0.409434269078835	0	-0.120156353572667
0.424410556051161	0	0.0124759734026792	0.410413373468189	0	-0.116768287126518
0.424292946553136	0	0.0159832883117885	0.411364442144111	0	-0.113372244131729
0.42414635321533	0	0.0194895113878345	0.41228741013823	0	-0.109968456575107
0.423970786051668	0	0.0229944031175075	0.413182214401755	0	-0.106557156972499
0.423766257055305	0	0.0264977240784433	0.41404879380979	0	-0.103138578352905
0.423532780197802	0	0.0299992349555786	0.414887089165499	0	-0.0997129542425609
0.423270371428179	0	0.0334986965574984	0.415697043204161	0	-0.0962805186489871
0.422979048671818	0	0.0369958698327756	0.416478600597072	0	-0.0928415060450029
0.422658831829244	0	0.0404905158863006	0.417231707955332	0	-0.089396151352709
0.422309742774763	0	0.043982395995601	0.417956313833487	0	-0.0859446899274399
0.421931805354967	0	0.0474712716271483	0.418652368733046	0	-0.0824873575416869
0.421525045387108	0	0.0509569044526525	0.41931982510586	0	-0.0790243903689916
0.421089490657332	0	0.0544390563653433	0.419958637357375	0	-0.0755560249678132
0.420625170918781	0	0.0579174894962341	0.42056876184974	0	-0.0720824982653689
0.420132117889562	0	0.0613919662303718	0.421150156904792	0	-0.0686040475414492
0.419610365250579	0	0.0648622492230686	0.421702782806902	0	-0.0651209104122087
0.419059948643233	0	0.0683281014161149	0.422226601805689	0	-0.061633324813935
0.418480905666986	0	0.071789286053973	0.422721578118598	0	-0.0581415289867946
0.417873275876794	0	0.0752455666999503	0.423187677933342	0	-0.0546457614585582
0.417237100780405	0	0.0786967072523505	0.423624869410218	0	-0.0511462610283076
0.416572423835522	0	0.0821424719606013	0.424033122684274	0	-0.0476432667501223
0.415879290446836	0	0.0855826254413599	0.424412409867356	0	-0.0441370179167497
0.415157747962924	0	0.089016932694591	0.424762705050008	0	-0.040627754043259
0.414407845673013	0	0.0924451591196209	0.425083984303247	0	-0.0371157148506794
0.413629634803616	0	0.0958670705311625	0.425376225680191	0	-0.0336011402496249
0.412823168515031	0	0.0992824331753133	0.425639409217566	0	-0.0300842703239051
0.411988501897707	0	0.102691013745523	0.425873516937061	0	-0.026565345314126
0.411125691968486	0	0.106092579398531	0.426078532846565	0	-0.0230446056012777
0.410234797666705	0	0.109486897770272	0.426254442941253	0	-0.0195222916903147
0.409315879850168	0	0.11287373699175	0.426401235204546	0	-0.0159986441937262
0.408369001290995	0	0.116252865704874	0.426518899608929	0	-0.0124739038151001
0.407394226671326	0	0.119624053078269	0.426607428116639	0	-0.00894831133267972
0.406391622578908	0	0.122987068823037	0.426666814680213	0	-0.0054221075829166
0.405361257502546	0	0.126341683208491	0.4266970552429	0	-0.00189553344401848
0.404303201827421	0	0.129687667077852	0.42669814773894	0	0.00163117018050532
0.403217527830286	0	0.133024791863896	0.426670092093703	0	0.0051577623783001
0.402104309674525	0	0.136352829604573	0.426612890223696	0	0.00868400224462292
0.400963623405091	0	0.139671552958577	0.426526546036431	0	0.0122096488987988
0.399795546943307	0	0.142980735220876	0.426411065430159	0	0.0157344615006759
0.398600160081546	0	0.146280150338198	0.426266456293466	0	0.019258199267077
0.39737754447778	0	0.149569572924476	0.426092728504734	0	0.022780621488248
0.39612778365	0	0.152848778276239	0.425889893931468	0	0.0263014875443008
0.394850962970513	0	0.156117542387967	0.425657966429483	0	0.0298205569216504
0.393547169660109	0	0.159375641967389	0.425396961841959	0	0.0333375892294444
0.392216492782103	0	0.16262285445074	0.425106897998358	0	0.0368523442159851
0.390859023236252	0	0.16585895801796	0.424787794713208	0	0.04036458178514
0.389474853752543	0	0.16908373160785	0.424439673784746	0	0.043874062012744
0.388064078884861	0	0.172296954933174	0.424062558993432	0	0.0473805451629885
0.386626795004531	0	0.175498408495703	0.423656476100322	0	0.050883791704798
0.385163100293729	0	0.178687873601211	0.423221452845311	0	0.0543835623281926
0.383673094738784	0	0.181865132374418	0.422757518945235	0	0.0578796179606357
0.382156880123337	0	0.185029967773865	0.422264706091845	0	0.0613717197833651
0.380614560021399	0	0.188182163606748	0.421743047949637	0	0.0648596292477069
0.379046239790269	0	0.191321504543682	0.421192580153558	0	0.0683431080913711
0.377452026563337	0	0.194447776133414	0.420613340306566	0	0.0718219183547274
0.375832029242769	0	0.197560764817466	0.420005367977066	0	0.0752958223970606
0.374186358492067	0	0.200660257944732	0.419368704696204	0	0.0787645829128039
0.372515126728506	0	0.203746043785997	0.418703393955033	0	0.0822279629477493
0.370818448115458	0	0.206817911548404	0.418009481201538	0	0.0856857259152348
0.369096438554594	0	0.209875651389852	0.417287013837536	0	0.0891376356123051
0.367349215677964	0	0.212919054433333	0.416536041215433	0	0.0925834562358473
0.365576898839963	0	0.215947912781196	0.415756614634857	0	0.0960229523986986
0.363779609109178	0	0.218962019529356	0.414948787339152	0	0.0994558891457259
0.361957469260115	0	0.221961168781417	0.414112614511741	0	0.102882031969876
0.360110603764817	0	0.22494515566275	0.413248153272354	0	0.106301146828194
0.358239138784358	0	0.227913776334476	0.412355462673131	0	0.109713000157814
0.356343202160224	0	0.230866828007399	0.411434603694584	0	0.113117358891908
0.354422923405582	0	0.233804108955854	0.410485639241434	0	0.116513990475615
0.352478433696433	0	0.23672541853149	0.409508634138311	0	0.11990266288192
0.35050986586265	0	0.239630557176974	0.408503655125329	0	0.123283144627506
0.348517354378905	0	0.242519326439623	0.407470770853525	0	0.12665520478857
0.346501035355482	0	0.245391528984965	0.406410051880168	0	0.130018613016594
0.34446104652898	0	0.248246968610213	0.405321570663945	0	0.133373139554081
0.342397527252904	0	0.25108545025767	0.404205401560004	0	0.136718555250252
0.340310618488147	0	0.253906780028055	0.403061620814878	0	0.140054631576695
0.338200462793356	0	0.256710765193749	0.401890306561277	0	0.143381140642982
0.336067204315201	0	0.259497214211955	0.400691538812752	0	0.146697855212231
0.333910988778521	0	0.26226593673779	0.399465399458225	0	0.150004548716633
0.331731963476375	0	0.265016743637283	0.398211972256398	0	0.153300995272927
0.329530277259977	0	0.267749447000293	0.396931342830031	0	0.156586969697827
0.327306080528529	0	0.270463860153352	0.395623598660094	0	0.159862247523413
0.325059525218946	0	0.273159797672412	0.394288829079788	0	0.163126605012455
0.322790764795481	0	0.275837075395511	0.392927125268446	0	0.166379819173705
0.320499954239234	0	0.278495510435355	0.391538580245303	0	0.169621667777122
0.318187250037573	0	0.281134921191814	0.390123288863141	0	0.17285192936906
0.31585281017344	0	0.283755127364319	0.388681347801809	0	0.176070383287392
0.313496794114561	0	0.286355949964188	0.387212855561624	0	0.179276809676582
0.31111936280255	0	0.288937211326847	0.385717912456634	0	0.182470989502706
0.308720678641918	0	0.291498735123968	0.384196620607772	0	0.185652704568416
0.306300905488977	0	0.294040346375515	0.382649083935879	0	0.188821737527841
0.303860208640646	0	0.296561871461695	0.381075408154601	0	0.191977871901437
0.301398754823163	0	0.29906313813482	0.379475700763172	0	0.195120892090774
0.298916712180693	0	0.301543975531073	0.377850071039069	0	0.198250583393266
0.296414250263842	0	0.304004214182179	0.376198630030548	0	0.201366732016832
0.293891540018075	0	0.306443686026983	0.374521490549057	0	0.204469125094506
0.29134875377204	0	0.308862224422928	0.372818767161529	0	0.207557550698975
0.288786065225794	0	0.311259664157442	0.371090576182559	0	0.210631797857058
0.286203649438939	0	0.31363584145922	0.369337035666454	0	0.213691656564116
0.283601682818662	0	0.315990594009415	0.367558265399175	0	0.216736917798398
0.280980343107686	0	0.318323760952724	0.365754386890147	0	0.21976737353532
0.278339809372128	0	0.320635182908375	0.363925523363963	0	0.222782816761675
0.275680261989266	0	0.322924701981018	0.362071799751965	0	0.225783041489774
0.273001882635217	0	0.325192161771509	0.360193342683712	0	0.228767842771519
0.270304854272528	0	0.327437407387591	0.358290280478325	0	0.2317370167124
0.267589361137677	0	0.329660285454481	0.356362743135728	0	0.234690360485426
0.264855588728486	0	0.331860644125342	0.354410862327762	0	0.237627672344978
0.262103723791453	0	0.334038333091658	0.352434771389192	0	0.240548751640594
0.259333954308992	0	0.336193203593502	0.350434605308599	0	0.243453398830672
0.256546469486593	0	0.338325108429694	0.348410500719162	0	0.246341415496101
0.253741459739898	0	0.340433901967865	0.346362595889318	0	0.249212604353818
0.250919116681691	0	0.342519440154395	0.344291030713323	0	0.252066769270283
0.248079633108811	0	0.344581580524261	0.342195946701689	0	0.254903715274876
0.245223202988982	0	0.346620182210766	0.340077486971526	0	0.257723248573216
0.242350021447561	0	0.348635105955161	0.337935796236757	0	0.260525176560403
0.239460284754212	0	0.35062621411616	0.335771020798238	0	0.263309307834169
0.236554190309494	0	0.352593370679342	0.333583308533762	0	0.266075452207957
0.233631936631381	0	0.354536441266438	0.331372808887958	0	0.268823420723911
0.230693723341697	0	0.356455293144518	0.32913967286208	0	0.271553025665786
0.227739751152484	0	0.358349795235053	0.326884053003697	0	0.274264080571767
0.224770221852287	0	0.36021981812287	0.324606103396266	0	0.27695640024721
0.221785338292373	0	0.362065234064992	0.322305979648611	0	0.279629800777294
0.218785304372871	0	0.363885916999367	0.319983838884293	0	0.282284099539579
0.215770325028846	0	0.365681742553475	0.317639839730873	0	0.284919115216486
0.212740606216298	0	0.367452588052829	0.315274142309081	0	0.28753466780768
0.209696354898095	0	0.36919833252935	0.312886908221875	0	0.290130578642369
0.206637779029831	0	0.370918856729634	0.310478300543401	0	0.292706670391506
0.203565087545627	0	0.372614043123097	0.308048483807855	0	0.295262767079904
0.200478490343851	0	0.374283775910005	0.305597623998245	0	0.297798694098257
0.197378198272785	0	0.37592794102938	0.303125888535048	0	0.300314278215069
0.19426442311622	0	0.377546426166799	0.300633446264778	0	0.302809347588483
0.191137377578989	0	0.379139120762059	0.29812046744845	0	0.305283731778026
0.187997275272436	0	0.380705916016733	0.295587123749947	0	0.307737261756248
0.184844330699827	0	0.382246704901603	0.293033588224299	0	0.310169769920268
0.181678759241692	0	0.383761382163968	0.290460035305854	0	0.312581090103227
0.178500777141117	0	0.385249844334839	0.287866640796372	0	0.314971057585634
0.17531060148897	0	0.386711989735999	0.285253581853005	0	0.317339509106621
0.172108450209072	0	0.388147718486959	0.282621036976203	0	0.319686282875096
0.168894542043309	0	0.389556932511772	0.279969185997518	0	0.322011218580793
0.165669096536692	0	0.390939535545737	0.277298210067319	0	0.324314157405225
0.162432334022357	0	0.392295433141975	0.274608291642419	0	0.326594942032531
0.159184475606516	0	0.393624532677879	0.271899614473608	0	0.328853416660225
0.155925743153353	0	0.394926743361442	0.269172363593104	0	0.331089427009836
0.152656359269866	0	0.396201976237461	0.266426725301914	0	0.33330282033745
0.149376547290662	0	0.397450144193609	0.263662887157103	0	0.335493445444141
0.146086531262701	0	0.398671161966391	0.260881037958986	0	0.337661152686302
0.142786535929992	0	0.399864946146962	0.258081367738231	0	0.339805793985865
0.139476786718238	0	0.401031415186834	0.255264067742873	0	0.341927222840419
0.136157509719439	0	0.402170489403438	0.252429330425257	0	0.344025294333217
0.132828931676447	0	0.40328209098557	0.249577349428884	0	0.346099865143072
0.129491279967477	0	0.404366143998709	0.246708319575188	0	0.348150793554153
0.126144782590574	0	0.4054225743902	0.243822436850227	0	0.350177939465662
0.122789668148038	0	0.406451309994315	0.240919898391292	0	0.352181164401405
0.11942616583081	0	0.407452280537184	0.238000902473445	0	0.354160331519251
0.116054505402815	0	0.408425417641591	0.235065648495968	0	0.356115305620483
0.112674917185263	0	0.40937065483165	0.232114336968751	0	0.358045953159028
0.109287632040921	0	0.410287927537343	0.229147169498586	0	0.359952142250586
0.10589288135834	0	0.411177173098931	0.226164348775402	0	0.361833742681633
0.102490897036049	0	0.412038330771235	0.223166078558413	0	0.363690625918321
0.0990819114667115	0	0.412871341727787	0.220152563662204	0	0.365522665115255
0.0956661575212544	0	0.413676149064843	0.217124009942738	0	0.36732973512416
0.0922438685329581	0	0.41445269780528	0.214080624283293	0	0.369111712502429
0.0888152782815181	0	0.415200934902339	0.21102261458033	0	0.370868475521554
0.0853806209770744	0	0.415920809243261	0.207950189729295	0	0.372599904175445
0.0819401312442132	0	0.41661227165277	0.204863559610341	0	0.374305880188624
0.0784940441059394	0	0.417275274896434	0.201762935073999	0	0.375986287024308
0.0750425949676215	0	0.417909773683896	0.198648527926772	0	0.377641009892367
0.0715860196009112	0	0.418515724671963	0.195520550916664	0	0.379269935757165
0.0681245541276378	0	0.419093086467566	0.192379217718649	0	0.380872953345287
0.0646584350036779	0	0.419641819630593	0.189224742920075	0	0.38244995315313
0.0611878990028035	0	0.420161886676579	0.186057342006005	0	0.384000827454396
0.0577131832005074	0	0.420653252079269	0.182877231344496	0	0.385525470307439
0.0542345249578086	0	0.42111588227304	0.17968462817182	0	0.387023777562509
0.0507521619050374	0	0.421549745655201	0.176479750577625	0	0.388495646868867
0.0472663319256036	0	0.421954812588148	0.173262817490032	0	0.389940977681771
0.0437772731397455	0	0.422331055401385	0.170034048660689	0	0.391359671269351
0.0402852238882646	0	0.422678448393424	0.166793664649751	0	0.392751630719347
0.0367904227162433	0	0.42299696783353	0.163541886810818	0	0.394116760945735
0.0332931083567507	0	0.423286591963348	0.160278937275811	0	0.395454968695219
0.0297935197145337	0	0.423547300998389	0.157005038939803	0	0.396766162553601
0.0262918958496976	0	0.42377907712938	0.153720415445787	0	0.398050252952029
0.0227884759613759	0	0.423981904523481	0.150425291169403	0	0.399307152173112
0.0192834993713896	0	0.424155769325367	0.147119891203606	0	0.400536774356911
0.0157772055079	0	0.424300659658174	0.143804441343298	0	0.40173903550681
0.012269833889052	0	0.424416565624311	0.140479168069893	0	0.402913853495249
0.00876162410661339	0	0.424503479306135	0.137144298535856	0	0.404061148069334
0.00525281580960765	0	0.424561394766494	0.133800060549178	0	0.405180840856322
0.00174364868794279	0	0.424590308049128	0.130446682557818	0	0.406272855368975
-0.00176563754396093	0	0.424590217178945	0.1270843936341	0	0.407337117010779
-0.00527480316354689	0	0.424561122162152	0.123713423459058	0	0.408373553081048
-0.00878360845649766	0	0.424503024986257	0.120334002306753	0	0.409382092779885
-0.01229181373311	0	0.424415929619931	0.116946361028539	0	0.410362667213019
-0.0157991793446685	0	0.424299842012739	0.113550731037294	0	0.411315209396512
-0.0193054656998157	0	0.42415477009473	0.110147344291612	0	0.412239654261335
-0.0228104332809194	0	0.423980723775901	0.106736433279961	0	0.413135938657813
-0.0263138426604341	0	0.423777714945515	0.103318231004794	0	0.414004001359939
-0.0298154545172564	0	0.423545757471291	0.09989297096664	0	0.414843783069553
-0.0333150296530731	0	0.423284867198456	0.0964608871481493	0	0.415655226420398
-0.0368123290087016	0	0.422995061948665	0.0930222139981107	0	0.416438275982035
-0.0403071136804197	0	0.422676361518779	0.0895771864154369	0	0.417192878263633
-0.0437991449362859	0	0.422328787679517	0.0861260397331168	0	0.417918981717617
-0.0472881842324467	0	0.421952364173965	0.0826690097021414	0	0.418616536743196
-0.0507739932294323	0	0.421547116715958	0.0792063324753982	0	0.419285495689747
-0.0542563338084374	0	0.421113072988322	0.07573824459154	0	0.419925812860072
-0.0577349680875877	0	0.42065026264098	0.0722649829588266	0	0.420537444513518
-0.0612096584381896	0	0.420158717288931	0.0687867848389412	0	0.421120348868968
-0.0646801675009628	0	0.41963847051009	0.0653038878307829	0	0.42167448610769
-0.0681462582022547	0	0.419089557842989	0.0618165298542363	0	0.422199818376063
-0.071607693770235	0	0.418512016784355	0.0583249491339188	0	0.422696309788157
-0.0750642377510697	0	0.417905886786548	0.0548293841829072	0	0.423163926428191
-0.0785156540250737	0	0.417271209254862	0.0513300737864449	0	0.423602636352842
-0.0819617068228402	0	0.416608027544701	0.04782725698563	0	0.424012409593435
-0.0854021607413464	0	0.415916386958616	0.0443211730610866	0	0.424393218157983
-0.0888367807600343	0	0.415196334743208	0.0408120615166182	0	0.424745036033105
-0.0922653322568645	0	0.414447920085902	0.0373001620628487	0	0.4250678391858
-0.0956875810243442	0	0.413671194111591	0.0337857146008461	0	0.425361605565089
-0.0991032932855258	0	0.412866209879136	0.0302689592057354	0	0.425626315103521
-0.102512235709976	0	0.412033022377749	0.0267501361102987	0	0.425861949718545
-0.105914175429716	0	0.411171688523229	0.0232294856885643	0	0.426068493313745
-0.109308880055128	0	0.410282267154082	0.0197072484393871	0	0.426245931779939
-0.112696117690829	0	0.409364819027496	0.0161836649700195	0	0.426394252996142
-0.116075656951514	0	0.408419406815193	0.0126589759796755	0	0.426513446830397
-0.119447266977762	0	0.407446095099147	0.00913342224308816	0	0.426603505140464
-0.122810717451803	0	0.406444950367173	0.0056072445940623	0	0.426664421774376
-0.126165778613255	0	0.405416041008383	0.00208068390902265	0	0.426696192570863
-0.129512221274816	0	0.40435943730852	-0.00144601890944027	0	0.426698815359632
-0.132849816837925	0	0.403275211445149	-0.00497262294902732	0	0.426672289961519
-0.136178337308371	0	0.402163437482732	-0.00849888730418638	0	0.426616618188498
-0.139497555311873	0	0.401024191367567	-0.0120245710925697	0	0.426531803843558
-0.142807244109607	0	0.399857550922599	-0.0155494334714887	0	0.426417852720446
-0.146107177613703	0	0.398663595842106	-0.0190732336543657	0	0.426274772603266
-0.149397130402678	0	0.397442407686252	-0.0225957309271831	0	0.426102573265952
-0.152676877736846	0	0.39619406987552	-0.0261166846649258	0	0.4259012664716
-0.155946195573662	0	0.394918667685007	-0.0296358543480192	0	0.42567086597166
-0.15920486058303	0	0.393616288238607	-0.0331529995787593	0	0.425411387505002
-0.162452650162559	0	0.392287020503051	-0.0366678800977339	0	0.425122848796837
-0.165689342452768	0	0.390930955281837	-0.0401802558002356	0	0.424805269557509
-0.168914716352243	0	0.389548185209021	-0.0436898867526633	0	0.424458671481146
-0.172128551532737	0	0.388138804742893	-0.0471965332089119	0	0.424083078244181
-0.175330628454227	0	0.386702910159525	-0.0506999556267509	0	0.423678515503731
-0.178520728379906	0	0.38524059954619	-0.0541999146841859	0	0.423245010895849
-0.181698633391125	0	0.383751972794665	-0.0576961712958081	0	0.422782594033629
-0.184864126402283	0	0.382237131594408	-0.0611884866291263	0	0.422291296505194
-0.188016991175653	0	0.380696179425608	-0.0646766221208815	0	0.421771151871525
-0.191157012336154	0	0.379129221552119	-0.0681603394933435	0	0.421222195664179
-0.194283975386066	0	0.377536365014268	-0.071639400770588	0	0.420644465382859
-0.197397666719678	0	0.375917718621545	-0.0751135682947527	0	0.420038000492848
-0.200497873637884	0	0.374273392945167	-0.078582604742272	0	0.419402842422318
-0.203584384362709	0	0.372603500310527	-0.0820462731400892	0	0.4187390345595
-0.206656988051779	0	0.37090815478952	-0.0855043368818435	0	0.418046622249715
-0.209715474812723	0	0.369187472192752	-0.0889565597440336	0	0.417325652792284
-0.212759635717507	0	0.367441570061627	-0.0924027059021538	0	0.41657617543729
-0.215789262816713	0	0.365670567660318	-0.0958425399468041	0	0.415798241382218
-0.218804149153739	0	0.363874585967622	-0.0992758268997704	0	0.414991903768455
-0.221804088778938	0	0.362053747668692	-0.102702332230076	0	0.414157217677663
-0.224788876763686	0	0.360208177146661	-0.106121821870004	0	0.413294240128012
-0.227758309214382	0	0.358338000474141	-0.109534062231086	0	0.41240303007029
-0.230712183286377	0	0.356443345404614	-0.112938820220056	0	0.411483648383872
-0.233650297197826	0	0.354524341363703	-0.116335863254778	0	0.410536157872563
-0.236572450243478	0	0.352581119440331	-0.119724959280131	0	0.409560623260307
-0.239478442808382	0	0.350613812377768	-0.123105876783863	0	0.408557111186767
-0.242368076381523	0	0.348622554564561	-0.126478384812401	0	0.407525690202773
-0.245241153569387	0	0.346607482025354	-0.129842252986633	0	0.406466430765636
-0.248097478109439	0	0.3445687324116	-0.133197251517644	0	0.405379405234338
-0.250936854883533	0	0.34250644499215	-0.13654315122241	0	0.40426468786459
-0.253759089931242	0	0.340420760643748	-0.13987972353946	0	0.403122354803755
-0.256563990463104	0	0.338311821841401	-0.143206740544481	0	0.401952484085651
-0.259351364873797	0	0.336179772648651	-0.146523974965895	0	0.400755155625219
-0.262121022755219	0	0.334024758707731	-0.149831200200381	0	0.399530451213063
-0.264872774909505	0	0.331846927229617	-0.153128190328354	0	0.398278454509861
-0.267606433361946	0	0.329646426983971	-0.156414720129398	0	0.396999251040656
-0.270321811373828	0	0.327423408288981	-0.159690565097653	0	0.395692928189009
-0.273018723455192	0	0.32517802300109	-0.162955501457148	0	0.39435957519103
-0.275696985377505	0	0.322910424504623	-0.166209306177092	0	0.392999283129282
-0.27835641418624	0	0.320620767701311	-0.169451756987102	0	0.391612144926564
-0.280996828213382	0	0.318309208999707	-0.172682632392395	0	0.390198255339556
-0.283618047089828	0	0.315975906304503	-0.175901711688912	0	0.38875771095235
-0.286219891757717	0	0.313621019005743	-0.179108774978399	0	0.387290610169853
-0.288802184482657	0	0.311244707967935	-0.182303603183424	0	0.385797053211064
-0.291364748865867	0	0.308847135519063	-0.185485978062348	0	0.384277142102226
-0.293907409856226	0	0.306428465439496	-0.188655682224228	0	0.382730980669858
-0.296429993762234	0	0.303988862950803	-0.191812499143668	0	0.381158674533665
-0.298932328263873	0	0.301528494704464	-0.194956213175615	0	0.379560331099318
-0.301414242424382	0	0.299047528770488	-0.198086609570083	0	0.377936059551122
-0.303875566701932	0	0.296546134625929	-0.201203474486827	0	0.376285970844554
-0.306316132961206	0	0.294024483143314	-0.204306595009951	0	0.374610177698684
-0.308735774484889	0	0.291482746578963	-0.207395759162449	0	0.372908794588477
-0.311134325985051	0	0.28892109856123	-0.210470755920689	0	0.371181937736972
-0.313511623614443	0	0.286339714078637	-0.213531375228826	0	0.369429725107342
-0.315867504977687	0	0.283738769467922	-0.216577408013152	0	0.367652276394836
-0.318201809142369	0	0.281118442401994	-0.219608646196377	0	0.365849713018603
-0.320514376650033	0	0.278478911877795	-0.222624882711845	0	0.3640221581134
-0.322805049527076	0	0.275820358204071	-0.225625911517677	0	0.362169736521175
-0.325073671295534	0	0.27314296298906	-0.228611527610847	0	0.360292574782544
-0.327320086983777	0	0.270446909128081	-0.231581527041185	0	0.358390801128144
-0.329544143137092	0	0.267732380791042	-0.23453570692531	0	0.356464545469876
-0.331745687828167	0	0.26499956340986	-0.237473865460488	0	0.354513939392027
-0.333924570667466	0	0.262248643665794	-0.240395801938418	0	0.352539116142287
-0.336080642813508	0	0.25947980947669	-0.243301316758944	0	0.350540210622639
-0.338213756983029	0	0.256693249984149	-0.246190211443687	0	0.34851735938015
-0.340323767461047	0	0.2538891555406	-0.249062288649606	0	0.346470700597641
-0.342410530110814	0	0.251067717696305	-0.251917352182476	0	0.344400374084249
-0.344473902383662	0	0.248229129186265	-0.254755207010291	0	0.342306521265873
-0.346513743328741	0	0.245373583917062	-0.257575659276591	0	0.340189285175518
-0.348529913602647	0	0.242501276953609	-0.260378516313696	0	0.338048810443519
-0.350522275478944	0	0.239612404505825	-0.263163586655876	0	0.335885243287667
-0.352490692857566	0	0.236707163915233	-0.265930680052426	0	0.333698731503214
-0.35443503127412	0	0.233785753641478	-0.26867960748066	0	0.331489424452785
-0.356355157909066	0	0.230848373248772	-0.271410181158829	0	0.329257473056166
-0.358250941596798	0	0.22789522339226	-0.274122214558943	0	0.327003029780002
-0.360122252834593	0	0.224926505804313	-0.276815522419518	0	0.324726248627378
-0.361968963791468	0	0.221942423280748	-0.279489920758226	0	0.322427285127299
-0.363790948316907	0	0.218943179666976	-0.282145226884467	0	0.320106296324069
-0.365588081949476	0	0.215928979844076	-0.284781259411849	0	0.317763440766557
-0.367360241925332	0	0.212900029714797	-0.287397838270574	0	0.315398878497373
-0.369107307186605	0	0.209856536189497	-0.289994784719745	0	0.313012771041932
-0.370829158389664	0	0.206798707172006	-0.292571921359571	0	0.310605281397417
-0.372525677913279	0	0.203726751545426	-0.295129072143488	0	0.308176574021654
-0.374196749866647	0	0.200640879157858	-0.297666062390184	0	0.305726814821865
-0.375842260097311	0	0.197541300808072	-0.300182718795531	0	0.303256171143347
-0.377462096198962	0	0.194428228231103	-0.302678869444426	0	0.300764811758032
-0.379056147519111	0	0.19130187408379	-0.305154343822531	0	0.29825290685296
-0.380624305166652	0	0.188162451930249	-0.307608972827924	0	0.295720628018658
-0.382166462019301	0	0.185010176227282	-0.310042588782651	0	0.29316814823741
-0.383682512730911	0	0.18184526230973	-0.312455025444175	0	0.290595641871449
-0.385172353738668	0	0.178667926375761	-0.31484611801674	0	0.288003284651042
-0.386635883270169	0	0.175478385472103	-0.317215703162622	0	0.285391253662482
-0.388073001350372	0	0.172276857479216	-0.319563619013289	0	0.282759727336001
-0.389483609808424	0	0.169063561096409	-0.321889705180459	0	0.280108885433571
-0.390867612284369	0	0.165838715826902	-0.324193802767055	0	0.277438909036631
-0.392224914235731	0	0.162602541962828	-0.326475754378061	0	0.274749980533714
-0.393555422943971	0	0.159355260570188	-0.328735404131273	0	0.272042283607987
-0.394859047520819	0	0.156097093473748	-0.330972597667946	0	0.26931600322471
-0.396135698914486	0	0.152828263241887	-0.333187182163341	0	0.266571325618591
-0.397385289915748	0	0.14954899317139	-0.335379006337163	0	0.263808438281071
-0.398607735163899	0	0.146259507272202	-0.337547920463894	0	0.261027529947515
-0.399802951152583	0	0.142960030252115	-0.339693776383025	0	0.258228790584318
-0.400970856235501	0	0.139650787501427	-0.341816427509172	0	0.255412411375929
-0.402111370631989	0	0.136332005077542	-0.343915728842093	0	0.252578584711792
-0.403224416432463	0	0.133003909689526	-0.345991536976591	0	0.249727504173202
-0.404309917603745	0	0.129666728682623	-0.348043710112311	0	0.24685936452008
-0.405367799994255	0	0.126320690022725	-0.350072108063426	0	0.243974361677675
-0.40639799133908	0	0.122966022280796	-0.352076592268215	0	0.241072692723172
-0.407400421264903	0	0.119602954617264	-0.354057025798526	0	0.238154555872235
-0.40837502129482	0	0.116231716766359	-0.356013273369131	0	0.235220150465466
-0.40932172485301	0	0.112852539020428	-0.357945201346967	0	0.232269676954784
-0.410240467269284	0	0.109465652214196	-0.359852677760263	0	0.229303336889738
-0.411131185783508	0	0.106071287709005	-0.361735572307559	0	0.226321332903735
-0.411993819549884	0	0.102669677377001	-0.363593756366604	0	0.223323868700197
-0.412828309641109	0	0.0992610535853027	-0.365427103003142	0	0.220311149038651
-0.413634599052401	0	0.0958456491801224	-0.367235486979588	0	0.217283379720735
-0.414412632705392	0	0.0924236974708635	-0.369018784763573	0	0.214240767576145
-0.41516235745189	0	0.0889954322141812	-0.370776874536394	0	0.211183520448502
-0.415883722077511	0	0.0855610875980151	-0.372509636201328	0	0.208111847181159
-0.416576677305178	0	0.0821208982255915	-0.374216951391839	0	0.205025957602929
-0.417241175798482	0	0.0786750990993971	-0.375898703479662	0	0.201926062513756
-0.417877172164925	0	0.0752239256051264	-0.377554777582772	0	0.198812373670312
-0.418484622959012	0	0.0717676134956013	-0.37918506057323	0	0.195685103771535
-0.419063486685222	0	0.0683063988746677	-0.380789441084911	0	0.192544466444094
-0.419613723800844	0	0.0648405181810664	-0.382367809521115	0	0.189390676227803
-0.420135296718677	0	0.061370208172282	-0.383920058062046	0	0.18622394856096
-0.420628169809597	0	0.0578957059083695	-0.385446080672187	0	0.183044499765631
-0.421092309404993	0	0.0544172487357609	-0.386945773107534	0	0.179852547032876
-0.421527683799063	0	0.0509350742710514	-0.388419032922724	0	0.17664830840791
-0.421934263250983	0	0.047449420384768	-0.389865759478029	0	0.173432002775208
-0.422312019986939	0	0.0439605251851203	-0.391285853946233	0	0.170203849843554
-0.422660928202022	0	0.0404686270017344	-0.392679219319384	0	0.16696407013103
-0.422980964061992	0	0.0369739643693736	-0.394045760415415	0	0.163712884949956
-0.423272105704907	0	0.0334767760116429	-0.395385383884653	0	0.160450516391769
-0.423534333242615	0	0.0299773008246821	-0.396697998216192	0	0.157177187311855
-0.423767628762112	0	0.0264757778608464	-0.397983513744145	0	0.153893121314319
-0.423971976326767	0	0.0229724463123763	-0.399241842653769	0	0.150598542736719
-0.424147361977412	0	0.0194675454950586	-0.400472898987463	0	0.147293676634734
-0.424293773733292	0	0.0159613148318782	-0.401676598650641	0	0.143978748766795
-0.424411201592885	0	0.0124539938366629	-0.402852859417478	0	0.14065398557866
-0.424499637534587	0	0.00894582209772234	-0.404001600936523	0	0.137319614187948
-0.424559075517258	0	0.00543703926148094	-0.40512274473619	0	0.133975862368622
-0.424589511480635	0	0.00192788501610789	-0.40621621423012	0	0.130622958535432
-0.42459094334561	0	-0.00158140092485631	-0.407281934722411	0	0.127261131728309
-0.42456337101437	0	-0.00509057883887496	-0.408319833412718	0	0.123890611596722
-0.424506796370406	0	-0.00859940901079077	-0.409329839401234	0	0.120511628383988
-0.424421223278384	0	-0.012107651749201	-0.410311883693522	0	0.117124412911544
-0.424306657583881	0	-0.0156150674028311	-0.411265899205238	0	0.113729196563183
-0.424163107112984	0	-0.0191214163769053	-0.412191820766709	0	0.110326211269241
-0.423990581671758	0	-0.022626459149514	-0.413089585127385	0	0.106915689490763
-0.423789093045572	0	-0.0261299562879749	-0.41395913096016	0	0.103497864203613
-0.4235586549983	0	-0.0296316684651899	-0.414800398865561	0	0.100072968882568
-0.423299283271376	0	-0.033131356475993	-0.415613331375809	0	0.0966412374853632
-0.42301099558272	0	-0.0366287812534908	-0.416397872958737	0	0.0932029044367141
-0.422693811625528	0	-0.0401237038853932	-0.417153970021593	0	0.0897582046123007
-0.422347753066927	0	-0.043615885630335	-0.417881570914694	0	0.0863073733227219
-0.421972843546493	0	-0.0471050879341825	-0.418580625934956	0	0.0828506462974242
-0.42156910867464	0	-0.0505910724463305	-0.41925108732929	0	0.0793882596685965
-0.421136576030866	0	-0.0540736010359844	-0.419892909297864	0	0.0759204499550407
-0.420675275161872	0	-0.0575524358084264	-0.420506047997232	0	0.0724474540460144
-0.420185237579544	0	-0.0610273391212673	-0.421090461543329	0	0.068969509185049
-0.419666496758797	0	-0.0644980736006789	-0.421646110014328	0	0.0654868529537432
-0.419119088135292	0	-0.0679644021576104	-0.422172955453375	0	0.0619997232555341
-0.418543049103013	0	-0.0714260880039832	-0.422670961871174	0	0.058508358299445
-0.417938419011714	0	-0.0748828946688666	-0.423140095248452	0	0.0550129965838137
-0.417305239164231	0	-0.0783345860146314	-0.423580323538278	0	0.0515138768800005
-0.416643552813659	0	-0.0817809262530804	-0.423991616668253	0	0.048011238216077
-0.415953405160398	0	-0.0852216799615554	-0.424373946542568	0	0.0445053198604984
-0.415234843349067	0	-0.0886566120990194	-0.424727287043919	0	0.0409963613057586
-0.414487916465281	0	-0.0920854880221119	-0.425051614035292	0	0.0374846022520302
-0.413712675532299	0	-0.0955080735011784	-0.425346905361614	0	0.0339702825907905
-0.412909173507541	0	-0.0989241347362699	-0.425613140851263	0	0.0304536423884343
-0.412077465278964	0	-0.102333438373115	-0.42585030231745	0	0.0269349218698746
-0.411217607661321	0	-0.105735751519059	-0.426058373559458	0	0.0234143614021328
-0.410329659392271	0	-0.109130841758976	-0.426237340363748	0	0.0198922014779189
-0.409413681128376	0	-0.112518477171142	-0.426387190504936	0	0.0163686826992031
-0.408469735440948	0	-0.115898426343078	-0.426507913746621	0	0.0128440457607804
-0.407497886811783	0	-0.119270458387362	-0.426599501842087	0	0.00931853143382814
-0.40649820162875	0	-0.122634342957395	-0.426661948534868	0	0.00579238054945899
-0.40547074818126	0	-0.125989850263143	-0.426695249559173	0	0.00226583398226937
-0.404415596655599	0	-0.129336751086827	-0.426699402640178	0	-0.0012608673661144
-0.403332819130134	0	-0.132674816798588	-0.426674407494184	0	-0.00478748258349401
-0.402222489570389	0	-0.136003819372099	-0.42662026582863	0	-0.00831377076355358
-0.401084683823993	0	-0.139323531400146	-0.426536981341985	0	-0.0118394910223179
-0.3999194796155	0	-0.142633726110158	-0.426424559723486	0	-0.0153644025146068
-0.398726956541076	0	-0.145934177379705	-0.426283008652759	0	-0.0188882644504881
-0.397507196063063	0	-0.149224659751936	-0.426112337799287	0	-0.0224108361117253
-0.396260281504419	0	-0.152504948450988	-0.425912558821751	0	-0.0259318768682221
-0.394986298043018	0	-0.155774819397335	-0.425683685367237	0	-0.0294511461944595
-0.393685332705837	0	-0.159034049223097	-0.4254257330703	0	-0.0329684036859266
-0.39235747436301	0	-0.162282415287301	-0.425138719551897	0	-0.0364834090755428
-0.391002813721756	0	-0.165519695691086	-0.424822664418186	0	-0.0399959222500706
-0.389621443320186	0	-0.168745669292861	-0.424477589259181	0	-0.043505703266518
-0.388213457520975	0	-0.171960115723416	-0.424103517647283	0	-0.0470125123685292
-0.386778952504923	0	-0.17516281540097	-0.423700475135666	0	-0.0505161100027627
-0.385318026264383	0	-0.178353549546177	-0.423268489256533	0	-0.0540162568352551
-0.383830778596563	0	-0.181532100197063	-0.422807589519236	0	-0.0575127137677706
-0.382317311096713	0	-0.184698250223923	-0.422317807408257	0	-0.0610052419541339
-0.380777727151186	0	-0.187851783344149	-0.421799176381061	0	-0.0644936028165457
-0.37921213193037	0	-0.190992484137005	-0.421251731865809	0	-0.0679775580618807
-0.377620632381508	0	-0.194120138058342	-0.420675511258937	0	-0.0714568696979651
-0.376003337221393	0	-0.197234531455259	-0.420070553922602	0	-0.0749313000498345
-0.374360356928938	0	-0.200335451580688	-0.419436901181994	0	-0.0784006117759694
-0.372691803737632	0	-0.203422686607936	-0.418774596322512	0	-0.0818645678845081
-0.370997791627871	0	-0.206496025645151	-0.418083684586807	0	-0.0853229317494365
-0.369278436319174	0	-0.209555258749728	-0.417364213171694	0	-0.0887754671267514
-0.367533855262277	0	-0.212600176942653	-0.416616231224923	0	-0.0922219381705992
-0.365764167631111	0	-0.215630572222774	-0.415839789841826	0	-0.0956621094493858
-0.363969494314656	0	-0.218646237581014	-0.415034942061825	0	-0.0990957459618612
-0.362149957908693	0	-0.221646967014512	-0.414201742864809	0	-0.10252261315317
-0.360305682707418	0	-0.224632555540691	-0.413340249167379	0	-0.105942476930876
-0.35843679469496	0	-0.227602799211264	-0.412450519818958	0	-0.109355103680952
-0.356543421536772	0	-0.230557495126165	-0.411532615597772	0	-0.112760260283739
-0.354625692570907	0	-0.233496441447412	-0.4105865992067	0	-0.116157714129872
-0.352683738799187	0	-0.236419437412888	-0.409612535268987	0	-0.119547233136165
-0.350717692878254	0	-0.239326283350063	-0.408610490323834	0	-0.122928585761472
-0.348727689110505	0	-0.242216780689627	-0.407580532821849	0	-0.126301541022498
-0.346713863434919	0	-0.245090731979061	-0.406522733120371	0	-0.129665868509579
-0.344676353417774	0	-0.24794794089612	-0.405437163478668	0	-0.133021338402424
-0.342615298243244	0	-0.250788212262245	-0.404323898052995	0	-0.136367721485811
-0.340530838703897	0	-0.253611352055898	-0.403183012891533	0	-0.139704789165246
-0.338423117191071	0	-0.256417167425815	-0.402014585929193	0	-0.143032313482581
-0.336292277685156	0	-0.259205466704177	-0.400818696982291	0	-0.146350067131581
-0.334138465745747	0	-0.261976059419707	-0.399595427743096	0	-0.149657823473456
-0.331961828501713	0	-0.26472875631068	-0.39834486177425	0	-0.152955356552341
-0.329762514641136	0	-0.267463369337848	-0.397067084503059	0	-0.156242441110731
-0.327540674401161	0	-0.270179711697293	-0.39576218321566	0	-0.15951885260487
-0.32529645955773	0	-0.272877597833179	-0.394430247051055	0	-0.162784367220086
-0.323030023415213	0	-0.275556843450434	-0.393071366995022	0	-0.166038761886087
-0.320741520795939	0	-0.278217265527336	-0.391685635873904	0	-0.169281814292191
-0.318431108029619	0	-0.280858682328015	-0.390273148348261	0	-0.172513302902519
-0.316098942942665	0	-0.283480913414872	-0.388834000906411	0	-0.175733006971125
-0.313745184847409	0	-0.286083779660898	-0.387368291857833	0	-0.178940706557073
-0.311369994531223	0	-0.288667103261917	-0.385876121326456	0	-0.182136182539468
-0.308973534245533	0	-0.291230707748728	-0.384357591243814	0	-0.185319216632419
-0.306555967694735	0	-0.293774417999159	-0.382812805342088	0	-0.188489591399951
-0.304117460025015	0	-0.296298060250035	-0.381241869147018	0	-0.191647090270861
-0.301658177813066	0	-0.298801462109041	-0.379644889970695	0	-0.194791497553509
-0.299178289054707	0	-0.301284452566504	-0.378021976904229	0	-0.197922598450553
-0.296677963153412	0	-0.303746862007072	-0.376373240810297	0	-0.201040179073623
-0.294157370908731	0	-0.306188522221299	-0.374698794315572	0	-0.204144026457932
-0.291616684504631	0	-0.308609266417142	-0.372998751803028	0	-0.207233928576821
-0.289056077497726	0	-0.311008929231347	-0.371273229404126	0	-0.210309674356249
-0.286475724805426	0	-0.313387346740748	-0.369522344990881	0	-0.213371053689202
-0.283875802693987	0	-0.315744356473468	-0.367746218167812	0	-0.216417857450055
-0.28125648876647	0	-0.318079797420013	-0.365944970263767	0	-0.219449877508853
-0.278617961950607	0	-0.320393510044273	-0.364118724323642	0	-0.222466906745528
-0.275960402486583	0	-0.32268533629442	-0.362267605099969	0	-0.22546873906405
-0.273283991914718	0	-0.324955119613703	-0.360391739044398	0	-0.228455169406505
-0.27058891306307	0	-0.327202704951146	-0.358491254299056	0	-0.231425993767099
-0.267875350034943	0	-0.329427938772134	-0.356566280687798	0	-0.234381009206101
-0.265143488196314	0	-0.331630669068908	-0.354616949707334	0	-0.237320013863698
-0.262393514163165	0	-0.333810745370943	-0.352643394518249	0	-0.240242806973792
-0.259625615788744	0	-0.335968018755232	-0.350645749935905	0	-0.243149188877707
-0.256839982150721	0	-0.338102341856452	-0.348624152421233	0	-0.246038961037835
-0.254036803538283	0	-0.340213568877039	-0.34657874007141	0	-0.248911926051192
-0.251216271439128	0	-0.342301555597141	-0.344509652610429	0	-0.251767887662906
-0.248378578526386	0	-0.344366159384472	-0.342417031379548	0	-0.254606650779625
-0.245523918645461	0	-0.346407239204058	-0.34030101932764	0	-0.257428021482839
-0.242652486800782	0	-0.348424655627865	-0.338161761001427	0	-0.260231807042133
-0.239764479142489	0	-0.350418270844331	-0.335999402535604	0	-0.263017815928346
-0.236860092953029	0	-0.352387948667775	-0.333814091642858	0	-0.26578585782666
-0.233939526633685	0	-0.354333554547699	-0.331605977603778	0	-0.268535743649598
-0.231002979691015	0	-0.356254955577985	-0.329375211256656	0	-0.27126728554994
-0.228050652723232	0	-0.358152020505969	-0.327121944987185	0	-0.273980296933558
-0.225082747406494	0	-0.360024619741407	-0.324846332718048	0	-0.27667459247216
-0.222099466481131	0	-0.361872625365331	-0.322548529898401	0	-0.279349988115948
-0.219101013737796	0	-0.363695911138784	-0.320228693493261	0	-0.282006301106197
-0.216087594003543	0	-0.365494352511444	-0.317886981972778	0	-0.284643349987733
-0.213059413127833	0	-0.367267826630136	-0.315523555301409	0	-0.287260954621332
-0.210016677968474	0	-0.369016212347217	-0.313138574926995	0	-0.289858936196024
-0.206959596377494	0	-0.370739390228857	-0.310732203769731	0	-0.292437117241308
-0.203888377186935	0	-0.372437242563198	-0.308304606211033	0	-0.294995321639276
-0.200803230194592	0	-0.374109653368391	-0.305855948082315	0	-0.297533374636642
-0.197704366149683	0	-0.375756508400523	-0.303386396653656	0	-0.300051102856681
-0.194591996738449	0	-0.377377695161417	-0.300896120622375	0	-0.302548334311074
-0.191466334569695	0	-0.378973102906322	-0.29838529010151	0	-0.305024898411651
-0.188327593160265	0	-0.380542622651473	-0.295854076608192	0	-0.307480625982051
-0.185175986920461	0	-0.38208614718154	-0.293302653051934	0	-0.309915349269275
-0.182011731139392	0	-0.383603571056946	-0.290731193722816	0	-0.312328901955145
-0.178835041970267	0	-0.385094790621079	-0.28813987427958	0	-0.314721119167665
-0.175646136415634	0	-0.386559704007364	-0.28552887173763	0	-0.317091837492289
-0.172445232312551	0	-0.387998211146225	-0.282898364456941	0	-0.319440894983075
-0.16923254831771	0	-0.389410213771922	-0.280248532129874	0	-0.321768131173755
-0.166008303892496	0	-0.390795615429263	-0.277579555768904	0	-0.324073387088693
-0.162772719288	0	-0.392154321480192	-0.274891617694249	0	-0.326356505253747
-0.159526015529968	0	-0.393486239110254	-0.272184901521422	0	-0.328617329707023
-0.156268414403709	0	-0.394791277334936	-0.269459592148682	0	-0.330855706009532
-0.153000138438939	0	-0.396069347005882	-0.26671587574441	0	-0.333071481255739
-0.149721410894582	0	-0.397320360816981	-0.263953939734386	0	-0.335264504084008
-0.146432455743519	0	-0.398544233310334	-0.261173972788989	0	-0.337434624686941
-0.143133497657291	0	-0.399740880882091	-0.258376164810305	0	-0.339581694821611
-0.139824761990744	0	-0.40091022178816	-0.255560706919162	0	-0.341705567819692
-0.136506474766642	0	-0.402052176149793	-0.252727791442066	0	-0.343806098597473
-0.133178862660226	0	-0.403166665959041	-0.249877611898068	0	-0.345883143665774
-0.129842152983725	0	-0.404253615084084	-0.247010362985543	0	-0.347936561139743
-0.126496573670834	0	-0.405312949274433	-0.244126240568891	0	-0.349966210748552
-0.12314235326114	0	-0.406344596165999	-0.241225441665154	0	-0.351971953844978
-0.119779720884511	0	-0.407348485286037	-0.238308164430564	0	-0.353953653414872
-0.116408906245444	0	-0.408324548057963	-0.235374608147	0	-0.355911174086522
-0.113030139607375	0	-0.409272717806034	-0.232424973208378	0	-0.357844382139897
-0.109643651776947	0	-0.410192929759907	-0.229459461106962	0	-0.359753145515786
-0.106249674088246	0	-0.41108512105906	-0.226478274419601	0	-0.361637333824814
-0.102848438386995	0	-0.411949230757088	-0.223481616793887	0	-0.363496818356351
-0.0994401770147218	0	-0.412785199825867	-0.220469692934247	0	-0.365331472087307
-0.0960251227928811	0	-0.413592971159584	-0.217442708587959	0	-0.367141169690804
-0.0926035090069549	0	-0.414372489578638	-0.214400870531096	0	-0.368925787544742
-0.0891755693905146	0	-0.415123701833414	-0.211344386554401	0	-0.370685203740241
-0.085741538109255	0	-0.415846556607914	-0.208273465449094	0	-0.372419298089969
-0.0823016497449982	0	-0.416541004523266	-0.205188316992609	0	-0.374127952136352
-0.0788561392796688	0	-0.417206998141097	-0.202089151934261	0	-0.375811049159669
-0.0754052420792423	0	-0.417844491966773	-0.198976181980856	0	-0.377468474186019
-0.0719491938776676	0	-0.418453442452507	-0.195849619782221	0	-0.379100113995181
-0.0684882307607618	0	-0.419033808000334	-0.192709678916684	0	-0.380705857128346
-0.0650225891500857	0	-0.419585548964951	-0.189556573876481	0	-0.382285593895729
-0.0615525057867918	0	-0.420108627656428	-0.186390520053105	0	-0.383839216384065
-0.0580782177154528	0	-0.42060300834278	-0.183211733722593	0	-0.385366618463979
-0.0545999622678689	0	-0.42106865725241	-0.18002043203075	0	-0.386867695797235
-0.0511179770468555	0	-0.421505542576414	-0.176816832978317	0	-0.388342345843867
-0.047632499910012	0	-0.421913634470756	-0.173601155406081	0	-0.389790467869179
-0.0441437689534739	0	-0.422292905058305	-0.170373618979921	0	-0.391211962950629
-0.0406520224956483	0	-0.422643328430739	-0.167134444175807	0	-0.392606733984587
-0.0371574990609335	0	-0.422964880650317	-0.163883852264735	0	-0.393974685692965
-0.033660437363426	0	-0.423257539751512	-0.160622065297618	0	-0.395315724629729
-0.0301610762906133	0	-0.423521285742514	-0.157349306090109	0	-0.396629759187282
-0.0266596548870552	0	-0.423756100606591	-0.154065798207388	0	-0.397916699602719
-0.0231564123380547	0	-0.423961968303326	-0.150771765948885	0	-0.399176457963962
-0.0196515879533189	0	-0.424138874769707	-0.147467434332962	0	-0.400408948215763
-0.0161454211506115	0	-0.424286807921092	-0.144153029081536	0	-0.401614086165585
-0.012638151439398	0	-0.424405757652031	-0.140828776604667	0	-0.40279178948935
-0.00913001840448458	0	-0.424495715836961	-0.137494903985086	0	-0.403941977737066
-0.005621261689652	0	-0.424556676330754	-0.134151638962685	0	-0.405064572338319
-0.00211212098128496	0	-0.424588634969143	-0.130799209918959	0	-0.406159496607646
0.00139716400800073	0	-0.424591589569005	-0.127437845861407	0	-0.407226675749765
0.00490635355573341	0	-0.424565539928509	-0.124067776407886	0	-0.408266036864693
0.00841520794596108	0	-0.424510487827128	-0.120689231770928	0	-0.409277508952719
0.0119234874856266	0	-0.424426437025523	-0.11730244274201	0	-0.41026102291926
0.0154309525209415	0	-0.42431339326528	-0.113907640675794	0	-0.411216511579574
0.0189373634537564	0	-0.424171364268523	-0.110505057474318	0	-0.412143909663358
0.0224424807579298	0	-0.424000359737383	-0.107094925571155	0	-0.413043153819197
0.0259460649956879	0	-0.423800391353335	-0.103677477915541	0	-0.413914182618901
0.0294478768339827	0	-0.423571472776402	-0.100252947956454	0	-0.414756936561693
0.0329476770608403	0	-0.423313619644224	-0.0968215696266725	0	-0.415571358078282
0.0364452266017016	0	-0.423026849570982	-0.0933835773267927	0	-0.416357391534786
0.0399402865357543	0	-0.422711182146205	-0.0899392059092174	0	-0.41711498323654
0.0434326181122532	0	-0.422366638933421	-0.0864886906621129	0	-0.417844081431762
0.0469219827668298	0	-0.421993243468695	-0.083032267293336	0	-0.418544636315087
0.0504081421377886	0	-0.421591021259012	-0.0795701719143325	0	-0.419216600030967
0.0538908580823901	0	-0.421159999780539	-0.0761026410240088	0	-0.419859926676946
